     3.6281090e+02      1.9473856e+02
     3.6256243e+02      2.0422719e+02
     3.6181770e+02      2.1368982e+02
     3.6057876e+02      2.2310050e+02
     3.5884901e+02      2.3243344e+02
     3.5663317e+02      2.4166306e+02
     3.5393733e+02      2.5076407e+02
     3.5076887e+02      2.5971151e+02
     3.4713649e+02      2.6848087e+02
     3.4305012e+02      2.7704810e+02
     3.3852099e+02      2.8538973e+02
     3.3356149e+02      2.9348289e+02
     3.2818523e+02      3.0130540e+02
     3.2240694e+02      3.0883582e+02
     3.1624245e+02      3.1605351e+02
     3.0970867e+02      3.2293868e+02
     3.0282350e+02      3.2947246e+02
     2.9560582e+02      3.3563694e+02
     2.8807540e+02      3.4141524e+02
     2.8025289e+02      3.4679150e+02
     2.7215973e+02      3.5175099e+02
     2.6381810e+02      3.5628013e+02
     2.5525086e+02      3.6036649e+02
     2.4648150e+02      3.6399888e+02
     2.3753406e+02      3.6716733e+02
     2.2843306e+02      3.6986318e+02
     2.1920343e+02      3.7207901e+02
     2.0987049e+02      3.7380877e+02
     2.0045981e+02      3.7504771e+02
     1.9099719e+02      3.7579243e+02
     1.8150856e+02      3.7604090e+02
     1.7201993e+02      3.7579243e+02
     1.6255730e+02      3.7504771e+02
     1.5314662e+02      3.7380877e+02
     1.4381368e+02      3.7207901e+02
     1.3458406e+02      3.6986318e+02
     1.2548305e+02      3.6716733e+02
     1.1653561e+02      3.6399888e+02
     1.0776625e+02      3.6036649e+02
     9.9199018e+01      3.5628013e+02
     9.0857388e+01      3.5175099e+02
     8.2764226e+01      3.4679150e+02
     7.4941716e+01      3.4141524e+02
     6.7411298e+01      3.3563694e+02
     6.0193613e+01      3.2947246e+02
     5.3308444e+01      3.2293868e+02
     4.6774662e+01      3.1605351e+02
     4.0610177e+01      3.0883582e+02
     3.4831884e+01      3.0130540e+02
     2.9455622e+01      2.9348289e+02
     2.4496126e+01      2.8538973e+02
     1.9966990e+01      2.7704810e+02
     1.5880629e+01      2.6848087e+02
     1.2248242e+01      2.5971151e+02
     9.0797862e+00      2.5076407e+02
     6.3839455e+00      2.4166306e+02
     4.1681092e+00      2.3243344e+02
     2.4383508e+00      2.2310050e+02
     1.1994113e+00      2.1368982e+02
     4.5468669e-01      2.0422719e+02
     2.0621814e-01      1.9473856e+02
     4.5468669e-01      1.8524993e+02
     1.1994113e+00      1.7578731e+02
     2.4383508e+00      1.6637663e+02
     4.1681092e+00      1.5704369e+02
     6.3839455e+00      1.4781407e+02
     9.0797862e+00      1.3871306e+02
     1.2248242e+01      1.2976562e+02
     1.5880629e+01      1.2099626e+02
     1.9966990e+01      1.1242902e+02
     2.4496126e+01      1.0408739e+02
     2.9455622e+01      9.5994233e+01
     3.4831884e+01      8.8171723e+01
     4.0610177e+01      8.0641305e+01
     4.6774662e+01      7.3423620e+01
     5.3308444e+01      6.6538450e+01
     6.0193613e+01      6.0004669e+01
     6.7411298e+01      5.3840183e+01
     7.4941716e+01      4.8061890e+01
     8.2764226e+01      4.2685628e+01
     9.0857388e+01      3.7726132e+01
     9.9199018e+01      3.3196997e+01
     1.0776625e+02      2.9110635e+01
     1.1653561e+02      2.5478249e+01
     1.2548305e+02      2.2309793e+01
     1.3458406e+02      1.9613952e+01
     1.4381368e+02      1.7398116e+01
     1.5314662e+02      1.5668357e+01
     1.6255730e+02      1.4429418e+01
     1.7201993e+02      1.3684693e+01
     1.8150856e+02      1.3436225e+01
     1.9099719e+02      1.3684693e+01
     2.0045981e+02      1.4429418e+01
     2.0987049e+02      1.5668357e+01
     2.1920343e+02      1.7398116e+01
     2.2843306e+02      1.9613952e+01
     2.3753406e+02      2.2309793e+01
     2.4648150e+02      2.5478249e+01
     2.5525086e+02      2.9110635e+01
     2.6381810e+02      3.3196997e+01
     2.7215973e+02      3.7726132e+01
     2.8025289e+02      4.2685628e+01
     2.8807540e+02      4.8061890e+01
     2.9560582e+02      5.3840183e+01
     3.0282350e+02      6.0004669e+01
     3.0970867e+02      6.6538450e+01
     3.1624245e+02      7.3423620e+01
     3.2240694e+02      8.0641305e+01
     3.2818523e+02      8.8171723e+01
     3.3356149e+02      9.5994233e+01
     3.3852099e+02      1.0408739e+02
     3.4305012e+02      1.1242902e+02
     3.4713649e+02      1.2099626e+02
     3.5076887e+02      1.2976562e+02
     3.5393733e+02      1.3871306e+02
     3.5663317e+02      1.4781407e+02
     3.5884901e+02      1.5704369e+02
     3.6057876e+02      1.6637663e+02
     3.6181770e+02      1.7578731e+02
     3.6256243e+02      1.8524993e+02
     4.8230625e+02      3.0496977e+02
     4.8205778e+02      3.1445840e+02
     4.8131305e+02      3.2392102e+02
     4.8007411e+02      3.3333170e+02
     4.7834436e+02      3.4266464e+02
     4.7612852e+02      3.5189426e+02
     4.7343268e+02      3.6099527e+02
     4.7026422e+02      3.6994271e+02
     4.6663184e+02      3.7871207e+02
     4.6254547e+02      3.8727931e+02
     4.5801634e+02      3.9562094e+02
     4.5305684e+02      4.0371410e+02
     4.4768058e+02      4.1153661e+02
     4.4190229e+02      4.1906703e+02
     4.3573780e+02      4.2628471e+02
     4.2920402e+02      4.3316988e+02
     4.2231885e+02      4.3970366e+02
     4.1510117e+02      4.4586815e+02
     4.0757075e+02      4.5164644e+02
     3.9974824e+02      4.5702270e+02
     3.9165508e+02      4.6198220e+02
     3.8331345e+02      4.6651133e+02
     3.7474621e+02      4.7059769e+02
     3.6597686e+02      4.7423008e+02
     3.5702941e+02      4.7739854e+02
     3.4792841e+02      4.8009438e+02
     3.3869878e+02      4.8231021e+02
     3.2936584e+02      4.8403997e+02
     3.1995516e+02      4.8527891e+02
     3.1049254e+02      4.8602364e+02
     3.0100391e+02      4.8627211e+02
     2.9151528e+02      4.8602364e+02
     2.8205265e+02      4.8527891e+02
     2.7264197e+02      4.8403997e+02
     2.6330903e+02      4.8231021e+02
     2.5407941e+02      4.8009438e+02
     2.4497840e+02      4.7739854e+02
     2.3603096e+02      4.7423008e+02
     2.2726160e+02      4.7059769e+02
     2.1869437e+02      4.6651133e+02
     2.1035274e+02      4.6198220e+02
     2.0225958e+02      4.5702270e+02
     1.9443707e+02      4.5164644e+02
     1.8690665e+02      4.4586815e+02
     1.7968896e+02      4.3970366e+02
     1.7280379e+02      4.3316988e+02
     1.6627001e+02      4.2628471e+02
     1.6010553e+02      4.1906703e+02
     1.5432723e+02      4.1153661e+02
     1.4895097e+02      4.0371410e+02
     1.4399148e+02      3.9562094e+02
     1.3946234e+02      3.8727931e+02
     1.3537598e+02      3.7871207e+02
     1.3174359e+02      3.6994271e+02
     1.2857514e+02      3.6099527e+02
     1.2587930e+02      3.5189426e+02
     1.2366346e+02      3.4266464e+02
     1.2193370e+02      3.3333170e+02
     1.2069476e+02      3.2392102e+02
     1.1995004e+02      3.1445840e+02
     1.1970157e+02      3.0496977e+02
     1.1995004e+02      2.9548114e+02
     1.2069476e+02      2.8601851e+02
     1.2193370e+02      2.7660783e+02
     1.2366346e+02      2.6727489e+02
     1.2587930e+02      2.5804527e+02
     1.2857514e+02      2.4894426e+02
     1.3174359e+02      2.3999682e+02
     1.3537598e+02      2.3122746e+02
     1.3946234e+02      2.2266023e+02
     1.4399148e+02      2.1431860e+02
     1.4895097e+02      2.0622544e+02
     1.5432723e+02      1.9840293e+02
     1.6010553e+02      1.9087251e+02
     1.6627001e+02      1.8365482e+02
     1.7280379e+02      1.7676965e+02
     1.7968896e+02      1.7023587e+02
     1.8690665e+02      1.6407139e+02
     1.9443707e+02      1.5829309e+02
     2.0225958e+02      1.5291683e+02
     2.1035274e+02      1.4795733e+02
     2.1869437e+02      1.4342820e+02
     2.2726160e+02      1.3934184e+02
     2.3603096e+02      1.3570945e+02
     2.4497840e+02      1.3254100e+02
     2.5407941e+02      1.2984515e+02
     2.6330903e+02      1.2762932e+02
     2.7264197e+02      1.2589956e+02
     2.8205265e+02      1.2466062e+02
     2.9151528e+02      1.2391590e+02
     3.0100391e+02      1.2366743e+02
     3.1049254e+02      1.2391590e+02
     3.1995516e+02      1.2466062e+02
     3.2936584e+02      1.2589956e+02
     3.3869878e+02      1.2762932e+02
     3.4792841e+02      1.2984515e+02
     3.5702941e+02      1.3254100e+02
     3.6597686e+02      1.3570945e+02
     3.7474621e+02      1.3934184e+02
     3.8331345e+02      1.4342820e+02
     3.9165508e+02      1.4795733e+02
     3.9974824e+02      1.5291683e+02
     4.0757075e+02      1.5829309e+02
     4.1510117e+02      1.6407139e+02
     4.2231885e+02      1.7023587e+02
     4.2920402e+02      1.7676965e+02
     4.3573780e+02      1.8365482e+02
     4.4190229e+02      1.9087251e+02
     4.4768058e+02      1.9840293e+02
     4.5305684e+02      2.0622544e+02
     4.5801634e+02      2.1431860e+02
     4.6254547e+02      2.2266023e+02
     4.6663184e+02      2.3122746e+02
     4.7026422e+02      2.3999682e+02
     4.7343268e+02      2.4894426e+02
     4.7612852e+02      2.5804527e+02
     4.7834436e+02      2.6727489e+02
     4.8007411e+02      2.7660783e+02
     4.8131305e+02      2.8601851e+02
     4.8205778e+02      2.9548114e+02
